1640240682.0512078,"26685,26648,26262"
1640240682.9262176,"26807,26809,26139"
1640240683.8004441,"26533,26833,26355"
1640240684.6763155,"26448,26739,26416"
1640240685.5511005,"26726,26660,26270"
1640240686.4260137,"26737,26829,26191"
1640240687.3007915,"26454,26821,26300"
1640240688.1763182,"26500,26754,26315"
1640240689.0502422,"26788,26680,26241"
1640240689.9255905,"26657,26836,26243"
